position:
  x: 10.743260818089757
  y: 37.1593941804616
  z: 2.4538202689301487
orientation:
  x: -0.0019074870568621834
  y: 0.12837281897056319
  z: -0.9892967437333079
  w: 0.06934503357381024
