position:
  x: 2.8605841693476144
  y: 45.57100901123807
  z: 2.490879544411167
orientation:
  x: -0.05662711372857283
  y: 0.005253909335402943
  z: -0.8401119747501444
  w: -0.539423429514217
