position:
  x: 6.00031170262698
  y: 19.461155477548772
  z: 1.9106150346818502
orientation:
  x: -0.024364690705873725
  y: 0.05538140348830421
  z: -0.5820905379136327
  w: -0.8108698216519656
