position:
  x: -0.851473009117961
  y: 54.90447697381782
  z: 3.695852341540925
orientation:
  x: 0.027809221580684666
  y: -0.03021030898918592
  z: -0.5968840469984387
  w: -0.8012761189905888
