position:
  x: 7.528044765672867
  y: 25.483092652639723
  z: 1.796858278082829
orientation:
  x: -0.025212684413616383
  y: -0.014964108160859529
  z: -0.7044199994533636
  w: -0.7091775943878463
