position:
  x: 20.928212179191867
  y: 64.74715394370179
  z: 4.23833426804678
orientation:
  x: -0.07174760877765857
  y: -0.022570936807998133
  z: 0.07147401731917415
  w: -0.9946025830926419
