position:
  x: 26.60162011078213
  y: 63.35325604011819
  z: 3.4858289804180864
orientation:
  x: 0.029390084556665412
  y: 0.08136781153143033
  z: -0.42091780952556246
  w: 0.9029638419120337
