position:
  x: 0.2342600173733414
  y: 50.39627186863742
  z: 3.4642302159435134
orientation:
  x: -0.0488105240962665
  y: 0.03574003711998221
  z: -0.8289445199590256
  w: -0.5560496068823453
