position:
  x: 20.73726584269742
  y: 41.80905255235033
  z: 3.413360400712781
orientation:
  x: -0.02973911636408748
  y: -0.09349366619408465
  z: -0.7928533826588859
  w: 0.6014632432209258
