position:
  x: 14.960746906221445
  y: 37.85914888700567
  z: 2.7830461138689575
orientation:
  x: 0.09898961095904998
  y: 0.08290264175303867
  z: -0.9811005644474357
  w: 0.14411763026592778
