position:
  x: 7.2253732817923035
  y: 36.685048149849344
  z: 2.5256496990767596
orientation:
  x: -0.04636874865686178
  y: -0.05566673549037663
  z: -0.8481988979027408
  w: -0.5246997077418825
