position:
  x: 7.244229584756994
  y: 36.5983844838946
  z: 2.5259924722562244
orientation:
  x: -0.09736314528278774
  y: -0.008465154568245817
  z: -0.9951121818711537
  w: 0.014159964350615468
