position:
  x: 21.29617333106239
  y: 47.72588588626166
  z: 2.42929564776188
orientation:
  x: 0.03393762223558672
  y: 0.0028301060325728873
  z: -0.8254821073826969
  w: 0.5633999633367582
