position:
  x: 7.99507319089585
  y: 47.55100237773438
  z: 2.498018399567354
orientation:
  x: 0.03357181036556167
  y: -0.005246291862877356
  z: -0.3772370852958371
  w: -0.9254931612108054
