position:
  x: 21.296010545456323
  y: 44.639419454860246
  z: 2.590937686378917
orientation:
  x: -0.0410916824651641
  y: -0.05364313090239795
  z: -0.7745832761908061
  w: 0.6288518397720467
