position:
  x: 5.937534570874755
  y: 37.207041272697516
  z: 2.753209500656737
orientation:
  x: -0.08171671098082708
  y: -0.09395952732842133
  z: -0.9073792409674456
  w: -0.40144351960398833
