position:
  x: 21.297173680261455
  y: 44.64603579847553
  z: 2.5900442500801057
orientation:
  x: -0.04103264386873075
  y: -0.05371175465884936
  z: -0.7752770417407602
  w: 0.6279943296705035
