position:
  x: 4.91436418704009
  y: 42.07699791914365
  z: 2.471456772553547
orientation:
  x: -0.1332792297195738
  y: -0.0553760465987734
  z: -0.6345849077454447
  w: -0.7592576211340609
