position:
  x: 14.974159923978624
  y: 50.729128597160184
  z: 2.4108203421323675
orientation:
  x: 0.029793627470474166
  y: 0.014604114513585606
  z: 0.031227279737470713
  w: -0.998961418975539
