position:
  x: 29.717922209768517
  y: 58.926736390802496
  z: 2.674219182959259
orientation:
  x: 0.05017769578760638
  y: 0.029308045980299315
  z: -0.6313621743269446
  w: 0.7733078572699336
