position:
  x: 24.49509486526252
  y: 50.04057962994388
  z: 2.431367622812291
orientation:
  x: 0.03782341397271175
  y: -0.02353734813756027
  z: -0.9613680041786407
  w: 0.2716375215975834
