position:
  x: 2.5190624908617827
  y: 61.36981905482333
  z: 2.7530829728389774
orientation:
  x: -0.005818431175981735
  y: -0.06285084461390905
  z: -0.4084175592203922
  w: -0.910610242919783
