position:
  x: 7.205151465393656
  y: 63.88602075023224
  z: 2.8539678314338834
orientation:
  x: -0.05932082737481679
  y: 0.08646516007276575
  z: -0.06740937035045726
  w: -0.9921999759736508
