position:
  x: 29.201541325273254
  y: 54.05496248385168
  z: 2.590156663326436
orientation:
  x: -0.010747030397931866
  y: 0.017755277278095966
  z: -0.910409705160046
  w: 0.41318690712170686
