position:
  x: 22.07440790839388
  y: 48.53168363385055
  z: 2.429355017971426
orientation:
  x: 0.043196087793246046
  y: 0.0031134618935048258
  z: 0.22162957644350936
  w: -0.9741687406193378
