position:
  x: 13.152214071710091
  y: 50.78102478900323
  z: 2.387489564070974
orientation:
  x: 0.12410058432286072
  y: -0.00417120269014432
  z: -0.02326353124484589
  w: -0.9919881320625074
