position:
  x: 7.732922930954945
  y: 31.838152712136857
  z: 2.1535946017542575
orientation:
  x: -0.0536686023643988
  y: 0.01868234888043692
  z: -0.7625300915153342
  w: -0.6444521010084284
