position:
  x: 11.38191633516652
  y: 49.61750588345644
  z: 2.526394210408057
orientation:
  x: 0.07208270840043388
  y: 0.010055653946475552
  z: -0.23112703490907857
  w: -0.970197536951885
