position:
  x: 22.07303348151021
  y: 48.53236288494486
  z: 2.4293142231966898
orientation:
  x: 0.04319669191958048
  y: 0.003112107305405981
  z: 0.2216300086263678
  w: -0.9741686198351909
