position:
  x: 5.446051420394508
  y: 44.713250598924496
  z: 2.5165244858825675
orientation:
  x: 0.03750526166474484
  y: 0.0016199419335008445
  z: -0.5137286750527021
  w: -0.8571310165687542
