position:
  x: 19.975658117708328
  y: 40.579428500938775
  z: 3.6300583079818742
orientation:
  x: -0.08802324795059363
  y: -0.05735886398580861
  z: -0.9183826549045866
  w: 0.38149071772834636
