position:
  x: 19.27088028431211
  y: 39.92731924281503
  z: 3.7934474888838685
orientation:
  x: -0.0781202947632366
  y: -0.016388049442012744
  z: -0.9558781688517464
  w: 0.28271112057049264
